Node ID: 0
CPU: 64 cores
Memory: 256 GB
GPUs: 8 cards
GPU Communication Efficiency Matrix:
0.00 3.56 5.56 5.70 6.21 1.50 7.19 4.75
3.56 0.00 7.60 6.58 5.52 4.50 3.56 4.65
5.56 7.60 0.00 2.99 4.07 7.52 1.81 4.66
5.70 6.58 2.99 0.00 6.24 3.66 2.80 5.32
6.21 5.52 4.07 6.24 0.00 3.34 7.31 8.22
1.50 4.50 7.52 3.66 3.34 0.00 2.97 6.94
7.19 3.56 1.81 2.80 7.31 2.97 0.00 6.06
4.75 4.65 4.66 5.32 8.22 6.94 6.06 0.00

Node ID: 1
CPU: 48 cores
Memory: 512 GB
GPUs: 8 cards
GPU Communication Efficiency Matrix:
0.00 5.58 3.44 4.63 7.32 3.10 1.40 1.45
5.58 0.00 4.08 2.62 3.69 1.60 1.29 4.09
3.44 4.08 0.00 7.27 3.66 8.28 4.46 3.08
4.63 2.62 7.27 0.00 5.12 4.70 3.33 4.99
7.32 3.69 3.66 5.12 0.00 4.43 6.09 5.18
3.10 1.60 8.28 4.70 4.43 0.00 4.41 1.67
1.40 1.29 4.46 3.33 6.09 4.41 0.00 6.32
1.45 4.09 3.08 4.99 5.18 1.67 6.32 0.00

Node ID: 2
CPU: 32 cores
Memory: 128 GB
GPUs: 8 cards
GPU Communication Efficiency Matrix:
0.00 2.56 1.68 2.88 3.09 5.63 5.39 4.86
2.56 0.00 3.89 7.92 2.80 9.01 3.26 5.36
1.68 3.89 0.00 5.09 4.61 2.45 4.43 3.16
2.88 7.92 5.09 0.00 1.97 5.76 7.06 4.87
3.09 2.80 4.61 1.97 0.00 5.47 3.52 7.55
5.63 9.01 2.45 5.76 5.47 0.00 0.29 7.99
5.39 3.26 4.43 7.06 3.52 0.29 0.00 6.09
4.86 5.36 3.16 4.87 7.55 7.99 6.09 0.00

Node ID: 3
CPU: 32 cores
Memory: 256 GB
GPUs: 8 cards
GPU Communication Efficiency Matrix:
0.00 7.93 3.01 1.70 4.62 8.43 3.11 4.40
7.93 0.00 7.65 7.49 3.10 8.40 5.17 3.37
3.01 7.65 0.00 5.01 5.29 7.84 4.31 4.72
1.70 7.49 5.01 0.00 4.68 6.87 4.52 5.70
4.62 3.10 5.29 4.68 0.00 6.59 1.77 2.48
8.43 8.40 7.84 6.87 6.59 0.00 7.25 5.46
3.11 5.17 4.31 4.52 1.77 7.25 0.00 3.23
4.40 3.37 4.72 5.70 2.48 5.46 3.23 0.00

Node ID: 4
CPU: 48 cores
Memory: 128 GB
GPUs: 4 cards
GPU Communication Efficiency Matrix:
0.00 5.82 2.36 3.95
5.82 0.00 3.17 2.67
2.36 3.17 0.00 7.39
3.95 2.67 7.39 0.00

Node ID: 5
CPU: 64 cores
Memory: 128 GB
GPUs: 8 cards
GPU Communication Efficiency Matrix:
0.00 4.63 7.78 7.53 4.25 4.26 1.75 2.68
4.63 0.00 4.96 7.86 7.23 4.31 5.92 5.99
7.78 4.96 0.00 5.60 8.19 7.37 3.74 3.51
7.53 7.86 5.60 0.00 3.32 3.74 3.08 0.77
4.25 7.23 8.19 3.32 0.00 4.58 0.78 6.54
4.26 4.31 7.37 3.74 4.58 0.00 6.30 4.16
1.75 5.92 3.74 3.08 0.78 6.30 0.00 4.82
2.68 5.99 3.51 0.77 6.54 4.16 4.82 0.00

Node ID: 6
CPU: 48 cores
Memory: 128 GB
GPUs: 4 cards
GPU Communication Efficiency Matrix:
0.00 6.12 6.93 7.67
6.12 0.00 7.15 7.82
6.93 7.15 0.00 6.86
7.67 7.82 6.86 0.00

Node ID: 7
CPU: 48 cores
Memory: 512 GB
GPUs: 8 cards
GPU Communication Efficiency Matrix:
0.00 4.10 3.19 1.22 4.14 2.04 3.94 8.45
4.10 0.00 5.63 2.71 6.08 6.95 4.65 6.29
3.19 5.63 0.00 5.72 0.88 8.22 4.94 2.91
1.22 2.71 5.72 0.00 7.69 5.55 8.69 4.31
4.14 6.08 0.88 7.69 0.00 7.21 9.30 3.25
2.04 6.95 8.22 5.55 7.21 0.00 4.54 5.33
3.94 4.65 4.94 8.69 9.30 4.54 0.00 5.68
8.45 6.29 2.91 4.31 3.25 5.33 5.68 0.00

Node ID: 8
CPU: 32 cores
Memory: 512 GB
GPUs: 8 cards
GPU Communication Efficiency Matrix:
0.00 5.85 9.51 3.14 5.06 6.49 2.72 6.10
5.85 0.00 5.43 2.79 4.95 2.94 3.97 6.02
9.51 5.43 0.00 2.86 5.13 6.23 3.06 6.42
3.14 2.79 2.86 0.00 3.32 4.26 7.50 8.89
5.06 4.95 5.13 3.32 0.00 4.59 5.96 4.38
6.49 2.94 6.23 4.26 4.59 0.00 6.96 3.54
2.72 3.97 3.06 7.50 5.96 6.96 0.00 2.07
6.10 6.02 6.42 8.89 4.38 3.54 2.07 0.00

Node ID: 9
CPU: 32 cores
Memory: 256 GB
GPUs: 4 cards
GPU Communication Efficiency Matrix:
0.00 6.66 6.66 3.64
6.66 0.00 2.98 2.64
6.66 2.98 0.00 6.32
3.64 2.64 6.32 0.00

